1	1.00868		1		1
2	0.525774	1.91846687	0.959233435
3	0.3959		2.547815105	0.8492717017
4	0.334107	3.019032825	0.7547582063
5	0.331421	3.043500563	0.6087001126
6	0.287842	3.5042836	0.5840472667
7	0.253075	3.98569594	0.5693851343
8	0.22741		4.43551295	0.5544391188
9	0.272202	3.705630377	0.4117367086
10	0.259452	3.887732606	0.3887732606
11	0.244107	4.132122389	0.3756474899
12	0.231596	4.355342925	0.3629452438
13	0.242855	4.153424883	0.3194942218
14	0.232238	4.343302991	0.3102359279
15	0.231679	4.353782604	0.2902521736
16	0.230435	4.377286437	0.2735804023
